2021-06-02 09:20:00 126.6 136.5 124.8 133.2 97.45 99.85 88.15 91.7
2021-06-02 09:25:00 128.5 129.75 106.7 108.8 94.9 114.5 93.55 111.65
2021-06-02 09:30:00 108.95 114.0 100.3 101.9 112.0 123.65 107.85 121.6
2021-06-02 09:35:00 101.9 112.0 95.2 110.6 121.6 127.25 106.75 108.0
2021-06-02 09:40:01 110.6 114.95 107.4 110.0 107.65 110.75 101.85 108.45
2021-06-02 09:45:00 110.0 115.75 102.4 104.2 108.0 113.25 100.5 111.0
2021-06-02 09:50:00 104.35 108.05 99.55 102.35 111.1 116.35 106.6 112.7
2021-06-02 09:55:00 102.35 106.25 101.15 102.6 112.7 114.0 107.85 112.55
2021-06-02 10:00:00 102.85 105.0 95.75 95.75 112.75 119.6 109.0 119.6
2021-06-02 10:05:00 96.0 98.75 85.95 92.6 119.35 130.75 114.55 121.15
2021-06-02 10:10:00 92.8 94.5 87.15 88.6 121.25 129.3 119.6 127.55
2021-06-02 10:15:00 88.8 94.45 83.6 93.2 128.65 134.85 119.95 122.8
2021-06-02 10:20:00 92.05 94.0 87.5 89.1 122.8 128.75 120.45 127.0
2021-06-02 10:25:01 88.95 89.4 83.7 88.85 126.9 134.25 124.85 125.5
2021-06-02 10:30:00 88.5 90.3 87.05 89.35 126.35 128.95 124.3 125.7
2021-06-02 10:35:00 89.0 90.55 82.8 89.05 125.55 132.85 123.4 125.8
2021-06-02 10:40:00 89.05 94.8 87.75 93.65 125.45 126.9 116.8 119.15
2021-06-02 10:45:00 93.6 95.3 90.2 92.35 118.75 122.5 116.65 120.1
2021-06-02 10:50:01 91.9 94.65 88.75 90.0 120.35 124.5 117.2 122.8
2021-06-02 10:55:00 90.0 90.15 84.55 85.25 122.8 130.05 122.6 129.3
2021-06-02 11:00:00 85.25 89.4 84.05 87.95 129.25 130.85 123.1 125.5
2021-06-02 11:05:00 87.95 92.4 86.5 92.35 125.85 126.9 118.8 118.8
2021-06-02 11:10:00 91.9 96.65 91.35 91.75 119.4 119.9 112.7 118.6
2021-06-02 11:15:00 92.35 94.4 89.8 93.4 117.9 120.5 115.4 116.75
2021-06-02 11:20:00 93.35 97.35 93.1 96.4 116.75 116.9 111.3 112.1
2021-06-02 11:25:01 95.55 99.0 91.6 91.65 112.8 116.6 107.9 116.45
2021-06-02 11:30:00 91.15 92.55 86.65 89.2 116.45 122.5 115.9 119.5
2021-06-02 11:35:00 89.25 89.45 80.85 81.95 119.3 131.1 119.3 130.4
2021-06-02 11:40:00 82.15 85.95 80.8 83.65 130.0 132.6 124.65 128.2
2021-06-02 11:45:01 83.65 85.4 79.7 83.6 128.2 134.2 125.85 128.25
2021-06-02 11:50:00 83.7 87.0 83.05 86.0 127.95 128.8 122.55 124.5
2021-06-02 11:55:00 86.0 86.25 77.4 79.4 124.5 135.6 123.55 132.8
2021-06-02 12:00:00 79.3 81.95 75.85 81.5 132.75 137.3 128.0 129.65
2021-06-02 12:05:00 81.5 83.15 77.9 78.95 129.5 133.95 126.15 132.6
2021-06-02 12:10:00 78.95 84.9 77.75 82.45 132.6 134.75 124.15 127.9
2021-06-02 12:15:00 82.1 84.8 80.6 82.25 127.9 129.6 124.7 127.75
2021-06-02 12:20:00 82.25 83.1 79.65 82.8 127.95 131.2 126.0 126.7
2021-06-02 12:25:00 82.85 90.45 82.75 87.7 126.8 126.8 115.2 119.15
2021-06-02 12:30:00 88.0 88.35 84.65 85.1 119.15 122.95 118.45 122.2
2021-06-02 12:35:00 84.25 91.45 83.15 91.1 122.9 124.4 112.8 114.1
2021-06-02 12:40:00 91.1 93.25 88.65 90.75 114.1 116.95 111.1 114.6
2021-06-02 12:45:00 90.75 94.85 86.2 87.85 114.6 118.45 109.35 117.05
2021-06-02 12:50:00 87.85 88.6 84.1 86.8 117.05 121.7 116.15 118.7
2021-06-02 12:55:00 86.8 87.25 80.5 84.15 118.7 125.05 117.9 121.35
2021-06-02 13:00:00 84.0 85.5 77.85 79.0 121.35 129.6 119.45 128.25
2021-06-02 13:05:00 79.0 80.95 70.0 71.7 128.25 139.9 124.3 137.6
2021-06-02 13:10:01 71.7 76.0 70.05 75.0 137.45 140.55 130.3 132.6
2021-06-02 13:15:01 74.95 75.35 70.75 71.5 132.85 138.9 132.25 138.4
2021-06-02 13:20:00 71.6 72.0 67.2 71.05 138.55 145.55 134.55 136.8
2021-06-02 13:25:00 71.5 75.05 70.7 73.85 135.75 137.5 129.05 131.9
2021-06-02 13:30:00 73.4 76.2 71.25 73.3 132.5 134.0 127.4 131.6
2021-06-02 13:35:00 73.3 79.45 71.95 76.85 131.6 133.8 122.15 125.9
2021-06-02 13:40:01 76.9 79.3 74.85 78.6 125.6 128.05 122.8 124.0
2021-06-02 13:45:00 78.8 81.3 75.45 76.35 124.0 127.25 119.7 126.2
2021-06-02 13:50:00 76.35 79.9 76.2 79.5 126.3 126.45 120.6 121.65
2021-06-02 13:55:00 79.5 81.6 78.0 81.6 121.65 124.0 118.7 118.75
2021-06-02 14:00:00 81.65 86.0 77.6 84.45 118.65 124.2 113.45 117.55
2021-06-02 14:05:00 84.45 90.0 77.5 78.4 117.55 124.65 111.2 123.8
2021-06-02 14:10:00 78.55 80.9 73.25 78.7 123.5 128.65 120.3 122.4
2021-06-02 14:15:01 78.7 81.55 78.0 79.35 122.35 123.7 118.0 120.45
2021-06-02 14:20:00 79.35 84.85 77.1 83.2 120.45 123.5 114.15 116.2
2021-06-02 14:25:01 83.2 89.65 82.25 89.65 116.2 117.8 107.55 107.65
2021-06-02 14:30:00 91.25 93.0 84.75 85.6 105.5 112.9 102.95 112.0
2021-06-02 14:35:00 85.3 90.3 85.1 86.3 112.0 112.6 105.7 111.45
2021-06-02 14:53:19 86.3 89.6 86.05 86.9 111.85 111.85 107.65 111.0
2021-06-02 14:55:00 115.7 128.3 115.2 125.35 83.45 83.9 74.15 75.9
