2021-06-01 11:10:01 92.6 92.6 88.55 88.95 168.25 174.5 168.25 173.75
2021-06-01 11:15:00 87.7 90.25 80.0 85.05 175.3 183.7 170.8 175.7
2021-06-01 11:20:00 85.2 91.75 82.3 85.65 175.7 181.9 164.55 176.45
2021-06-01 11:25:00 85.55 87.9 82.0 87.25 176.15 181.65 170.95 171.75
2021-06-01 11:30:00 86.75 92.6 85.05 92.55 172.8 175.0 164.1 164.15
2021-06-01 11:35:00 92.55 94.3 87.45 87.7 164.15 173.0 161.65 172.65
2021-06-01 11:40:00 87.75 87.75 76.6 77.3 172.5 191.85 171.25 191.2
2021-06-01 11:45:00 77.0 83.55 77.0 78.85 191.85 191.85 178.9 188.75
2021-06-01 11:50:00 78.9 81.85 72.4 74.25 188.75 197.0 181.6 192.95
2021-06-01 11:55:00 74.25 80.75 71.7 79.7 192.95 196.55 178.55 180.7
2021-06-01 12:00:00 80.0 82.55 78.7 81.3 180.7 184.55 176.7 180.75
2021-06-01 12:05:00 81.4 84.0 77.1 83.6 179.6 186.95 173.4 174.35
2021-06-01 12:10:00 83.9 87.65 83.35 85.65 174.15 174.35 166.55 170.75
2021-06-01 12:15:00 85.55 92.2 85.45 90.8 170.35 170.8 159.35 161.55
2021-06-01 12:20:00 90.75 98.7 90.75 95.95 161.7 161.7 152.35 155.55
2021-06-01 12:25:00 96.65 96.65 86.25 87.8 155.35 168.8 155.35 167.1
2021-06-01 12:30:00 87.55 90.45 82.6 83.35 167.2 174.6 163.05 173.95
2021-06-01 12:35:01 83.35 93.25 83.35 91.5 173.95 173.95 159.3 161.9
2021-06-01 12:40:01 91.25 97.0 90.65 97.0 162.2 162.2 153.1 153.15
2021-06-01 12:45:02 97.7 98.7 87.55 89.2 151.5 163.95 148.8 162.1
2021-06-01 12:50:00 89.2 95.0 89.1 94.0 162.1 162.1 155.6 156.0
2021-06-01 12:55:01 93.95 96.45 90.25 91.25 155.95 161.2 151.5 159.8
2021-06-01 13:00:00 91.3 96.55 91.3 95.75 159.7 159.7 151.4 152.25
2021-06-01 13:05:02 95.75 97.7 93.15 93.55 152.25 155.9 148.8 155.25
2021-06-01 13:10:00 93.75 94.45 87.15 93.4 155.05 164.3 153.85 156.9
2021-06-01 13:15:00 93.4 96.75 90.3 94.85 156.9 160.45 149.2 152.9
2021-06-01 13:20:00 95.05 97.3 91.25 95.35 152.65 158.65 149.0 151.9
2021-06-01 13:25:00 95.35 109.4 94.9 108.15 151.65 152.55 132.4 133.2
2021-06-01 13:30:00 108.15 110.5 104.15 105.3 133.2 137.9 130.4 136.85
2021-06-01 13:35:01 104.95 108.95 101.7 103.8 136.85 140.45 132.0 138.3
2021-06-01 13:40:00 103.8 106.4 101.55 101.85 138.3 141.1 134.55 140.6
2021-06-01 13:45:01 101.85 107.45 101.85 106.8 140.55 140.7 132.6 133.3
2021-06-01 13:50:00 106.8 109.6 104.0 108.9 133.3 136.5 129.15 130.0
2021-06-01 13:55:00 108.95 118.55 106.55 118.25 129.95 132.2 117.5 118.75
2021-06-01 14:00:01 118.2 119.55 103.65 103.85 118.65 132.45 116.5 132.3
2021-06-01 14:05:00 103.4 118.15 75.3 76.35 132.75 173.35 117.9 172.9
2021-06-01 14:10:00 76.7 89.25 72.95 80.75 171.75 178.5 151.05 167.05
2021-06-01 14:15:00 79.15 85.5 79.05 81.1 169.2 169.4 156.75 164.8
2021-06-01 14:20:00 81.55 86.95 80.85 83.75 164.2 165.25 152.4 158.35
2021-06-01 14:25:00 83.75 91.65 81.2 90.95 158.15 163.6 144.6 145.25
2021-06-01 14:30:00 90.65 94.75 82.5 91.85 145.65 160.7 139.55 144.05
2021-06-01 14:35:00 91.85 97.95 85.95 85.95 144.05 150.9 135.85 150.9
2021-06-01 14:40:00 85.9 96.4 85.9 91.55 150.9 150.9 136.35 143.05
2021-06-01 14:45:01 91.55 95.3 90.2 90.8 143.05 145.95 137.3 144.9
2021-06-01 14:50:02 90.6 95.3 88.15 92.9 145.45 148.5 137.3 140.9
2021-06-01 14:55:00 92.9 94.25 89.65 90.9 141.05 146.3 138.4 144.85
